325	1492	2013-04-25 00:00:00.000	119.8008	37.4378	1
1727	1492	2014-01-16 00:00:00.000	61.9164	19.3489	2
2517	1492	2014-04-07 00:00:00.000	61.9164	19.3489	3
1879	1494	2014-02-04 00:00:00.000	707.784	221.1825	1
1958	1494	2014-02-11 00:00:00.000	707.784	221.1825	2
1800	1494	2014-01-23 00:00:00.000	707.784	221.1825	3
925	1496	2013-09-17 00:00:00.000	165.5413	51.7317	1
1325	1496	2013-12-04 00:00:00.000	165.5413	51.7317	2
397	1496	2013-06-25 00:00:00.000	67.1832	20.9948	3
2185	1498	2014-03-04 00:00:00.000	2116.422	661.3819	1
2106	1498	2014-02-26 00:00:00.000	2116.422	661.3819	2
2027	1498	2014-02-19 00:00:00.000	2116.422	661.3819	3
3590	1500	2014-07-07 00:00:00.000	33.516	10.4738	1
3511	1500	2014-06-30 00:00:00.000	33.516	10.4738	2
3432	1500	2014-06-24 00:00:00.000	33.516	10.4738	3
2133	1504	2014-02-27 00:00:00.000	44.1504	13.797	1
2212	1504	2014-03-05 00:00:00.000	44.1504	13.797	2
2054	1504	2014-02-20 00:00:00.000	44.1504	13.797	3
3573	1506	2014-07-04 00:00:00.000	3510.276	1096.9613	1
3652	1506	2014-07-11 00:00:00.000	3510.276	1096.9613	2
3494	1506	2014-06-28 00:00:00.000	3510.276	1096.9613	3
2136	1508	2014-02-27 00:00:00.000	2984.982	932.8069	1
2215	1508	2014-03-05 00:00:00.000	2984.982	932.8069	2
2057	1508	2014-02-21 00:00:00.000	2984.982	932.8069	3
3974	1510	2014-08-02 00:00:00.000	11.4433	3.576	1
3895	1510	2014-07-28 00:00:00.000	11.4433	3.576	2
3816	1510	2014-07-23 00:00:00.000	11.4433	3.576	3
1236	1514	2013-11-22 00:00:00.000	160.2947	50.0921	1
1157	1514	2013-11-12 00:00:00.000	160.2947	50.0921	2
1315	1514	2013-12-02 00:00:00.000	160.2947	50.0921	3
3730	1516	2014-07-17 00:00:00.000	36.3888	11.3715	1
3888	1516	2014-07-27 00:00:00.000	36.3888	11.3715	2
3809	1516	2014-07-23 00:00:00.000	36.3888	11.3715	3
4006	1518	2014-01-18 00:00:00.000	1750.60	437.65	1
4001	1520	2014-02-11 00:00:00.000	366.2652	91.5663	1
3965	1522	2014-08-01 00:00:00.000	160.314	50.0981	1
3412	1522	2014-06-22 00:00:00.000	160.314	50.0981	2
3491	1522	2014-06-27 00:00:00.000	160.314	50.0981	3
1075	1526	2013-10-20 00:00:00.000	2255.946	704.9831	1
972	1526	2013-09-26 00:00:00.000	2255.946	704.9831	2
908	1526	2013-09-12 00:00:00.000	2255.946	704.9831	3
3952	1530	2014-07-31 00:00:00.000	2245.782	701.8069	1
3399	1530	2014-06-21 00:00:00.000	2245.782	701.8069	2
3478	1530	2014-06-27 00:00:00.000	2245.782	701.8069	3
1307	1534	2013-11-29 00:00:00.000	67.1832	20.9948	1
2097	1534	2014-02-25 00:00:00.000	62.1432	19.4198	2
2887	1534	2014-05-12 00:00:00.000	62.1432	19.4198	3
1115	1536	2013-11-07 00:00:00.000	193.8586	60.5808	1
1905	1536	2014-02-06 00:00:00.000	131.035	40.9484	2
2695	1536	2014-04-22 00:00:00.000	131.035	40.9484	3
920	1538	2013-09-15 00:00:00.000	3027.486	946.0894	1
1007	1538	2013-10-06 00:00:00.000	3027.486	946.0894	2
1083	1538	2013-10-21 00:00:00.000	3027.486	946.0894	3
1255	1540	2013-11-25 00:00:00.000	244.2006	76.3127	1
515	1540	2013-08-11 00:00:00.000	204.1049	63.7828	2
685	1540	2013-08-25 00:00:00.000	193.6897	60.528	3
356	1542	2013-05-22 00:00:00.000	2267.496	708.5925	1
465	1542	2013-08-07 00:00:00.000	2267.496	708.5925	2
548	1542	2013-08-13 00:00:00.000	2267.496	708.5925	3
3240	1544	2014-06-09 00:00:00.000	559.02	174.6938	1
3319	1544	2014-06-16 00:00:00.000	559.02	174.6938	2
2845	1544	2014-05-05 00:00:00.000	559.02	174.6938	3
4011	1546	2014-06-24 00:00:00.000	4359.40	1089.85	1
4009	1546	2013-11-09 00:00:00.000	1193.20	298.30	2
3956	1548	2014-08-01 00:00:00.000	4.7956	1.4986	1
3719	1548	2014-07-16 00:00:00.000	4.7956	1.4986	2
3877	1548	2014-07-27 00:00:00.000	4.7956	1.4986	3
835	1554	2013-09-05 00:00:00.000	164.9365	51.5427	1
1085	1554	2013-10-30 00:00:00.000	87.5826	27.3696	2
157	1554	2012-05-30 00:00:00.000	61.9164	19.3489	3
1874	1556	2014-02-03 00:00:00.000	2042.502	638.2819	1
1953	1556	2014-02-11 00:00:00.000	2042.502	638.2819	2
1795	1556	2014-01-23 00:00:00.000	2042.502	638.2819	3
3789	1560	2014-07-21 00:00:00.000	1093.554	341.7356	1
3710	1560	2014-07-15 00:00:00.000	1093.554	341.7356	2
3868	1560	2014-07-26 00:00:00.000	1093.554	341.7356	3
1855	1562	2014-01-29 00:00:00.000	189.3478	59.1712	1
2645	1562	2014-04-17 00:00:00.000	132.547	41.4209	2
3435	1562	2014-06-24 00:00:00.000	132.547	41.4209	3
1338	1566	2013-12-04 00:00:00.000	8.2051	2.5641	1
1180	1566	2013-11-15 00:00:00.000	8.2051	2.5641	2
1259	1566	2013-11-26 00:00:00.000	8.2051	2.5641	3
3565	1568	2014-07-03 00:00:00.000	3950.10	1234.4063	1
2775	1568	2014-04-29 00:00:00.000	3950.10	1234.4063	2
455	1568	2013-08-06 00:00:00.000	3950.10	1234.4063	3
36	1570	2012-01-16 00:00:00.000	4068.834	1271.5106	1
115	1570	2012-03-09 00:00:00.000	4068.834	1271.5106	2
710	1570	2013-08-27 00:00:00.000	4068.834	1271.5106	3
3592	1572	2014-07-07 00:00:00.000	36.9432	11.5448	1
3434	1572	2014-06-24 00:00:00.000	36.9432	11.5448	2
3513	1572	2014-06-30 00:00:00.000	36.9432	11.5448	3
4010	1574	2013-11-09 00:00:00.000	3020.80	755.20	1
4002	1574	2014-09-22 00:00:00.000	81.60	20.40	2
3999	1576	2014-08-03 00:00:00.000	7289.436	2277.9488	1
3841	1576	2014-07-25 00:00:00.000	7289.436	2277.9488	2
3920	1576	2014-07-29 00:00:00.000	7289.436	2277.9488	3
1240	1578	2013-11-22 00:00:00.000	5027.484	1571.0888	1
1319	1578	2013-12-02 00:00:00.000	5027.484	1571.0888	2
1635	1578	2014-01-06 00:00:00.000	5027.484	1571.0888	3
1	1580	2011-04-16 00:00:00.000	16.0832	5.026	1
80	1580	2012-02-09 00:00:00.000	12.0632	3.7698	2
238	1580	2012-09-05 00:00:00.000	12.0632	3.7698	3
3025	1582	2014-05-22 00:00:00.000	92.1186	28.7871	1
3815	1582	2014-07-23 00:00:00.000	92.1186	28.7871	2
2235	1582	2014-03-07 00:00:00.000	92.1186	28.7871	3
127	1584	2012-03-09 00:00:00.000	1307.2248	408.5078	1
48	1584	2012-01-16 00:00:00.000	1307.2248	408.5078	2
967	1584	2013-09-26 00:00:00.000	1307.2248	408.5078	3
3431	1586	2014-06-24 00:00:00.000	3510.276	1096.9613	1
3510	1586	2014-06-30 00:00:00.000	3510.276	1096.9613	2
3589	1586	2014-07-07 00:00:00.000	3510.276	1096.9613	3
65	1588	2012-01-24 00:00:00.000	3237.696	1011.78	1
144	1588	2012-04-11 00:00:00.000	3237.696	1011.78	2
223	1588	2012-08-16 00:00:00.000	3237.696	1011.78	3
3447	1590	2014-06-25 00:00:00.000	42.00	13.125	1
3526	1590	2014-07-01 00:00:00.000	42.00	13.125	2
3605	1590	2014-07-08 00:00:00.000	42.00	13.125	3
51	1592	2012-01-20 00:00:00.000	7.8372	2.4491	1
130	1592	2012-03-14 00:00:00.000	7.8372	2.4491	2
209	1592	2012-07-31 00:00:00.000	7.8372	2.4491	3
4007	1594	2014-03-01 00:00:00.000	44321.60	11080.40	1
2535	1598	2014-04-08 00:00:00.000	84.4452	26.3891	1
3325	1598	2014-06-16 00:00:00.000	84.4452	26.3891	2
185	1598	2012-06-22 00:00:00.000	84.4452	26.3891	3
2305	1600	2014-03-14 00:00:00.000	102.102	31.9069	1
2384	1600	2014-03-24 00:00:00.000	102.102	31.9069	2
2463	1600	2014-04-02 00:00:00.000	102.102	31.9069	3
1886	1602	2014-02-05 00:00:00.000	143.6828	44.9009	1
1965	1602	2014-02-12 00:00:00.000	143.6828	44.9009	2
1728	1602	2014-01-16 00:00:00.000	143.6828	44.9009	3
2837	1604	2014-05-05 00:00:00.000	147.1604	45.9876	1
2916	1604	2014-05-13 00:00:00.000	147.1604	45.9876	2
2995	1604	2014-05-20 00:00:00.000	147.1604	45.9876	3
1470	1608	2013-12-19 00:00:00.000	475.86	148.7063	1
1628	1608	2014-01-03 00:00:00.000	475.86	148.7063	2
1549	1608	2013-12-26 00:00:00.000	475.86	148.7063	3
3181	1610	2014-06-04 00:00:00.000	1801.338	562.9181	1
3102	1610	2014-05-28 00:00:00.000	1801.338	562.9181	2
3339	1610	2014-06-17 00:00:00.000	1801.338	562.9181	3
1534	1612	2013-12-25 00:00:00.000	10.6117	3.3162	1
1455	1612	2013-12-18 00:00:00.000	10.6117	3.3162	2
1613	1612	2014-01-02 00:00:00.000	10.6117	3.3162	3
3125	1614	2014-05-30 00:00:00.000	98.28	30.7125	1
2335	1614	2014-03-19 00:00:00.000	98.28	30.7125	2
3915	1614	2014-07-29 00:00:00.000	98.28	30.7125	3
765	1616	2013-09-01 00:00:00.000	171.6347	53.6358	1
1805	1616	2014-01-24 00:00:00.000	148.8312	46.5098	2
595	1616	2013-08-18 00:00:00.000	85.9824	26.8695	3
983	1618	2013-09-29 00:00:00.000	9.1577	2.8618	1
975	1618	2013-09-27 00:00:00.000	9.1577	2.8618	2
892	1618	2013-09-11 00:00:00.000	9.1577	2.8618	3
2320	1620	2014-03-17 00:00:00.000	456.918	142.7869	1
2399	1620	2014-03-26 00:00:00.000	456.918	142.7869	2
2478	1620	2014-04-03 00:00:00.000	456.918	142.7869	3
1705	1622	2014-01-15 00:00:00.000	98.0532	30.6416	1
3285	1622	2014-06-12 00:00:00.000	98.0532	30.6416	2
2495	1622	2014-04-04 00:00:00.000	98.0532	30.6416	3
3797	1624	2014-07-22 00:00:00.000	2263.80	707.4375	1
3876	1624	2014-07-27 00:00:00.000	2263.80	707.4375	2
3718	1624	2014-07-16 00:00:00.000	2263.80	707.4375	3
962	1626	2013-09-22 00:00:00.000	570.57	178.3031	1
879	1626	2013-09-10 00:00:00.000	570.57	178.3031	2
1125	1626	2013-11-08 00:00:00.000	570.57	178.3031	3
3863	1628	2014-07-26 00:00:00.000	2771.538	866.1056	1
3784	1628	2014-07-21 00:00:00.000	2771.538	866.1056	2
3705	1628	2014-07-15 00:00:00.000	2771.538	866.1056	3
998	1632	2013-10-06 00:00:00.000	4967.424	1552.32	1
1058	1632	2013-10-15 00:00:00.000	4967.424	1552.32	2
67	1632	2012-01-24 00:00:00.000	4967.424	1552.32	3
4012	1636	2014-06-24 00:00:00.000	79814.40	19953.60	1
4004	1636	2013-11-03 00:00:00.000	3710.64	927.66	2
4003	1636	2014-05-14 00:00:00.000	2196.288	549.072	3
3972	1638	2014-08-02 00:00:00.000	2771.538	866.1056	1
3656	1638	2014-07-11 00:00:00.000	2771.538	866.1056	2
3735	1638	2014-07-17 00:00:00.000	2771.538	866.1056	3
641	1644	2013-08-21 00:00:00.000	297.066	92.8331	1
803	1644	2013-09-03 00:00:00.000	297.066	92.8331	2
720	1644	2013-08-27 00:00:00.000	297.066	92.8331	3
3725	1646	2014-07-16 00:00:00.000	3842.454	1200.7669	1
3567	1646	2014-07-03 00:00:00.000	3842.454	1200.7669	2
3646	1646	2014-07-10 00:00:00.000	3842.454	1200.7669	3
954	1648	2013-09-22 00:00:00.000	11.3929	3.5603	1
871	1648	2013-09-09 00:00:00.000	11.3929	3.5603	2
1117	1648	2013-11-08 00:00:00.000	11.3929	3.5603	3
3539	1650	2014-07-02 00:00:00.000	13.6861	4.2769	1
3618	1650	2014-07-09 00:00:00.000	13.6861	4.2769	2
3381	1650	2014-06-20 00:00:00.000	13.6861	4.2769	3
918	1652	2013-09-15 00:00:00.000	4127.046	1289.7019	1
1081	1652	2013-10-21 00:00:00.000	4127.046	1289.7019	2
1005	1652	2013-10-06 00:00:00.000	4127.046	1289.7019	3
2829	1654	2014-05-03 00:00:00.000	1631.784	509.9325	1
2908	1654	2014-05-13 00:00:00.000	1631.784	509.9325	2
3066	1654	2014-05-26 00:00:00.000	1631.784	509.9325	3
1015	1656	2013-10-10 00:00:00.000	315.121	98.4753	1
135	1656	2012-03-28 00:00:00.000	273.0596	85.3311	2
2485	1656	2014-04-03 00:00:00.000	273.0596	85.3311	3
1746	1658	2014-01-20 00:00:00.000	3510.276	1096.9613	1
1825	1658	2014-01-27 00:00:00.000	3510.276	1096.9613	2
1904	1658	2014-02-06 00:00:00.000	3510.276	1096.9613	3
2962	1662	2014-05-16 00:00:00.000	2.966	0.9269	1
3041	1662	2014-05-23 00:00:00.000	2.966	0.9269	2
2883	1662	2014-05-09 00:00:00.000	2.966	0.9269	3
1724	1664	2014-01-16 00:00:00.000	1170.246	365.7019	1
1803	1664	2014-01-23 00:00:00.000	1170.246	365.7019	2
1882	1664	2014-02-04 00:00:00.000	1170.246	365.7019	3
475	1666	2013-08-07 00:00:00.000	120.2544	37.5795	1
645	1666	2013-08-21 00:00:00.000	109.8191	34.3185	2
1215	1666	2013-11-20 00:00:00.000	87.9228	27.4759	3
2225	1672	2014-03-06 00:00:00.000	4144.5877	1295.1837	1
1435	1672	2013-12-14 00:00:00.000	4144.5877	1295.1837	2
1055	1672	2013-10-14 00:00:00.000	4144.5877	1295.1837	3
3292	1674	2014-06-12 00:00:00.000	75.5496	23.6093	1
3371	1674	2014-06-19 00:00:00.000	75.5496	23.6093	2
3134	1674	2014-05-30 00:00:00.000	75.5496	23.6093	3
4008	1676	2014-04-22 00:00:00.000	31738.32	7934.58	1
3700	1678	2014-07-15 00:00:00.000	4694.844	1467.1388	1
3779	1678	2014-07-21 00:00:00.000	4694.844	1467.1388	2
3858	1678	2014-07-26 00:00:00.000	4694.844	1467.1388	3
1133	1680	2013-11-11 00:00:00.000	5106.486	1595.7769	1
1370	1680	2013-12-06 00:00:00.000	5106.486	1595.7769	2
1686	1680	2014-01-10 00:00:00.000	5106.486	1595.7769	3
3674	1682	2014-07-12 00:00:00.000	1724.646	538.9519	1
3753	1682	2014-07-18 00:00:00.000	1724.646	538.9519	2
3832	1682	2014-07-24 00:00:00.000	1724.646	538.9519	3
1148	1684	2013-11-11 00:00:00.000	6897.66	2155.5188	1
1227	1684	2013-11-22 00:00:00.000	6897.66	2155.5188	2
1385	1684	2013-12-09 00:00:00.000	6897.66	2155.5188	3
1305	1686	2013-11-29 00:00:00.000	153.0648	47.8328	1
735	1686	2013-08-28 00:00:00.000	64.008	20.0025	2
1937	1686	2014-02-10 00:00:00.000	56.826	17.7581	3
1481	1688	2013-12-19 00:00:00.000	10.0598	3.1437	1
1639	1688	2014-01-06 00:00:00.000	10.0598	3.1437	2
1560	1688	2013-12-30 00:00:00.000	10.0598	3.1437	3
2838	1690	2014-05-05 00:00:00.000	11.7029	3.6572	1
2917	1690	2014-05-14 00:00:00.000	11.7029	3.6572	2
3075	1690	2014-05-26 00:00:00.000	11.7029	3.6572	3
1657	1692	2014-01-08 00:00:00.000	1311.4584	409.8308	1
1578	1692	2013-12-31 00:00:00.000	1311.4584	409.8308	2
858	1692	2013-09-09 00:00:00.000	1311.4584	409.8308	3
3480	1694	2014-06-27 00:00:00.000	609.84	190.575	1
3638	1694	2014-07-10 00:00:00.000	609.84	190.575	2
3559	1694	2014-07-03 00:00:00.000	609.84	190.575	3
1895	1696	2014-02-05 00:00:00.000	12206.502	3814.5319	1
335	1696	2013-04-25 00:00:00.000	12206.502	3814.5319	2
2685	1696	2014-04-22 00:00:00.000	12206.502	3814.5319	3
3235	1698	2014-06-09 00:00:00.000	12.0632	3.7698	1
3314	1698	2014-06-16 00:00:00.000	12.0632	3.7698	2
3156	1698	2014-06-02 00:00:00.000	12.0632	3.7698	3
